5 6 1 2 1 2 1 1 2 1 1 2 1 2 1 2 1 0 2 2 1 2 1 2 2 1 1 1 0 0 1 0 0 1 1 0 1 0 0 0 1 0 1 0 0 0 1 0 0 0 1 1 0 1 0 1 0 0 1 1 0 1 0 0 1 1 0 1 0 0 1 1 0 1 0 0 1 2 0 0 1 1 0 0 1 0 0 1 0 0 1 1 0 0 1 0 1 0 0 0 1 1 0 1 0 0 1 1 0 0 1 0 0 0 1 1 0 1 0 0 1 0 1 0 1 0 0 0 1 1 0 0 1 0 0 1 0 1 1 0 1 0 1 0 1 0 0 1 1 0 1 0 1 0 0 1 0 1 1 0 1 0 1 0 0 1 1 0 1 0 1 0 0 1 1 0 1 0 1 0 0 1 1 0 1 0 0 1 1 0 1 0 0 0 1 0 1 0 1 0 0 1 1 0 1 0 0 1 1 0 1 0 0 2 0 1 0 0 0 1 1 0 1 0 0 1 1 0 1 1 0 1 0 0 1 1 0 1 0 1 0 0 1 1 0 1 0 0 1 1 0 
6 0 2 1 2 1 1 0 1 1 1 1 2 2 1 2 1 2 1 2 2 0 3 2 1 1 2 0 1 2 1 2 1 2 1 1 2 2 1 1 1 1 1 1 1 0 2 1 0 2 1 1 2 2 2 1 1 1 1 1 2 3 1 1 0 2 0 1 2 1 0 1 2 1 1 2 0 1 1 1 1 2 1 0 1 1 1 1 1 1 0 1 1 0 2 0 2 0 1 1 1 1 1 2 1 0 1 1 0 1 0 2 1 1 1 2 1 1 0 1 1 2 0 1 0 0 0 1 1 1 1 1 1 1 2 1 2 0 0 2 1 0 1 1 0 1 0 1 0 1 1 1 1 0 2 1 0 1 1 1 0 2 1 1 0 1 0 1 1 1 2 1 2 1 1 0 1 2 0 1 1 1 1 1 1 1 1 1 1 1 1 1 1 0 2 1 0 1 1 0 2 2 2 2 0 0 2 1 1 1 1 2 0 1 1 1 2 0 2 0 1 1 2 1 2 0 1 0 1 1 2 1 0 2 2 0 1 1 0 1 1 1 1 1 0 2 1 1 2 0 2 
7 1 1 1 1 2 1 1 1 1 1 2 1 1 1 1 1 0 2 1 1 1 2 1 1 1 1 2 0 2 1 1 1 2 1 1 1 1 1 1 2 1 1 1 1 1 2 1 1 1 1 1 2 1 0 2 1 2 1 1 1 1 2 0 2 1 1 1 1 2 1 2 2 0 2 1 1 1 1 2 1 1 1 1 2 1 1 1 1 1 1 1 2 1 1 1 2 1 1 1 1 1 1 2 1 1 1 2 1 1 1 1 1 2 1 1 1 1 1 2 1 0 1 2 1 0 2 1 1 2 1 1 2 1 0 2 1 2 1 1 1 1 1 1 1 2 1 1 1 1 2 1 0 2 1 1 1 2 1 1 1 1 2 1 1 1 1 2 0 2 1 1 1 2 1 0 1 1 1 1 2 1 1 1 3 0 3 1 1 1 1 2 0 2 1 1 1 1 2 1 0 2 1 1 2 0 1 2 1 1 1 1 1 2 1 0 2 0 1 2 1 1 1 1 2 0 2 1 1 1 2 1 1 1 2 1 0 2 2 1 1 0 2 1 1 1 1 1 2 1 1 
8 3 3 3 4 2 1 4 3 2 0 4 3 4 1 4 3 1 0 3 1 0 3 3 1 3 2 3 2 3 2 4 1 2 3 3 4 3 3 2 3 3 2 1 3 3 1 2 3 3 1 1 4 1 4 3 1 3 0 3 2 3 0 4 2 1 2 3 4 0 3 0 4 3 3 2 4 0 3 0 1 4 1 3 4 3 3 2 2 3 3 3 3 4 1 4 2 2 2 1 2 3 2 3 4 1 3 2 3 4 3 3 2 2 2 3 3 4 1 3 5 3 3 2 2 3 3 1 0 2 3 2 1 2 2 0 4 1 4 2 3 2 1 4 3 1 2 3 4 2 0 3 2 3 2 1 4 1 4 3 4 3 3 3 4 1 4 3 3 4 4 3 4 2 3 1 2 3 4 0 3 4 3 2 1 2 2 3 4 3 2 1 1 2 3 4 3 4 3 3 3 4 1 4 3 3 4 3 2 3 2 1 3 3 3 3 3 2 3 3 4 1 2 1 3 3 2 0 1 3 1 0 2 2 3 2 2 2 4 3 3 3 1 2 3 3 2 1 3 4 1 
9 3 2 3 2 2 2 3 2 3 2 2 3 2 2 4 2 2 3 2 3 2 3 1 3 3 2 3 2 2 3 2 2 2 3 2 3 2 3 3 2 2 3 2 2 3 2 3 2 3 2 2 3 2 3 2 2 3 2 2 2 3 4 2 3 2 3 2 2 3 2 3 1 3 3 2 2 2 3 2 3 2 3 2 2 3 2 3 2 3 2 2 2 3 2 3 3 2 2 3 2 3 1 3 2 3 2 3 2 4 2 3 2 2 3 2 2 3 2 3 2 2 3 2 2 3 2 2 2 3 2 3 2 3 2 2 3 2 2 3 2 3 2 3 2 2 3 3 2 2 3 3 2 2 3 2 3 3 2 3 2 3 3 2 2 3 2 2 3 2 3 2 3 2 2 3 2 3 2 1 2 2 3 2 2 3 2 3 2 2 3 2 3 2 3 2 2 2 3 3 2 2 3 3 3 3 2 2 2 3 2 3 3 2 2 3 2 3 3 2 2 3 1 3 3 2 3 2 2 2 3 3 2 2 3 2 3 2 3 1 3 3 2 2 3 2 3 1 3 3 2 
10 6 5 6 4 3 4 3 4 1 6 4 6 7 7 3 7 3 7 6 4 3 4 3 9 6 7 7 6 7 4 6 7 7 3 7 6 4 4 3 4 3 4 6 4 4 4 7 4 6 1 3 4 3 7 7 1 7 0 7 3 8 6 7 6 4 7 3 7 4 4 3 4 3 7 6 4 3 7 7 3 7 3 4 3 3 7 7 6 4 7 8 0 1 7 7 6 7 3 7 4 6 3 4 3 8 4 6 4 6 7 4 6 8 4 1 8 6 4 6 4 7 4 3 1 6 4 3 7 7 3 4 1 3 4 3 7 4 6 6 6 3 4 1 7 3 7 7 6 7 4 3 6 7 4 4 4 6 7 4 3 4 4 4 3 7 7 6 4 3 7 6 7 3 4 4 4 6 7 7 3 7 7 8 4 6 7 3 4 3 7 3 7 6 4 3 7 7 1 3 7 3 4 7 6 8 4 6 7 6 6 7 4 1 2 4 2 6 7 3 7 7 6 7 6 5 3 4 4 6 1 3 4 7 3 4 6 4 6 7 3 4 7 2 4 4 7 3 4 0 7 
11 5 5 7 5 4 6 4 5 6 5 4 6 4 6 4 6 5 5 5 5 5 4 5 6 6 6 4 5 5 5 5 5 5 5 5 5 5 5 5 5 5 5 5 5 5 5 5 7 5 5 5 5 5 5 5 5 5 5 5 5 5 5 5 4 6 5 5 5 5 5 5 5 6 5 5 5 5 5 5 5 5 5 5 5 5 5 5 5 5 5 5 5 4 6 6 5 4 9 5 6 5 5 5 5 5 5 5 5 5 4 6 5 5 5 5 5 6 5 5 5 5 5 4 5 6 5 6 4 5 5 5 5 5 6 4 6 5 5 5 5 5 5 5 5 5 5 5 5 5 5 5 5 5 6 5 5 5 5 5 5 5 4 7 5 5 5 4 5 6 4 6 5 4 5 6 5 5 4 6 5 5 5 4 6 5 7 5 4 6 4 5 5 5 5 5 5 5 5 5 5 5 5 6 4 6 5 5 5 7 4 5 5 5 6 5 5 4 6 4 6 5 5 5 5 5 5 5 5 5 5 5 7 5 5 5 4 6 5 5 5 5 5 5 4 5 6 5 5 5 5 
12 7 6 7 13 13 6 13 13 7 12 13 12 6 15 6 13 12 7 7 13 6 7 12 13 7 6 13 7 13 6 13 13 7 12 13 13 7 12 13 12 13 12 7 6 14 12 7 12 6 13 13 12 7 6 12 14 2 7 1 12 13 6 13 1 7 6 6 13 7 6 8 12 13 12 13 7 12 6 13 7 4 8 12 6 14 6 12 6 7 7 6 13 13 8 6 13 7 12 7 6 7 6 12 13 2 5 14 7 2 13 12 12 13 6 6 13 6 5 14 2 12 13 12 13 6 7 6 12 7 6 8 6 7 13 12 6 13 7 12 6 7 12 13 13 13 6 13 6 13 6 13 6 14 6 6 13 6 13 12 6 7 13 12 7 14 6 6 13 12 7 6 12 13 6 13 8 7 6 12 7 6 12 13 7 5 13 7 6 7 7 6 7 12 13 13 5 7 7 12 1 7 13 1 7 6 13 6 6 7 6 13 6 13 7 13 7 6 7 12 6 13 13 12 12 13 8 12 13 6 12 12 7 13 12 6 14 1 13 6 12 13 7 12 6 13 6 13 7 7 12 
13 8 9 7 9 8 9 8 8 9 9 8 9 8 9 8 8 9 8 9 8 8 8 11 8 9 7 9 8 8 8 8 9 8 8 9 9 8 8 9 9 7 9 8 8 8 9 8 10 8 8 8 8 9 8 8 8 8 9 8 9 8 9 8 9 8 8 9 8 8 9 8 8 10 8 8 9 8 8 9 9 8 8 8 8 9 9 8 9 8 7 9 8 8 9 8 8 9 9 9 8 8 8 9 8 8 8 8 9 8 8 10 8 8 9 8 8 8 9 9 8 8 8 9 9 8 9 8 8 9 8 8 8 9 8 8 9 8 9 8 8 9 8 9 7 9 8 8 10 8 8 8 8 9 8 9 8 7 9 8 8 9 9 8 8 9 8 8 8 8 9 9 8 10 7 9 9 8 8 8 9 8 8 8 9 8 9 8 8 9 8 8 8 8 9 9 8 8 9 9 7 9 8 8 8 9 8 8 9 7 9 10 7 9 8 8 9 8 8 8 8 8 8 10 8 7 9 9 8 7 9 8 8 7 9 8 10 8 7 9 8 9 8 8 8 8 8 8 10 8 8 
14 20 21 11 11 12 22 11 20 9 11 20 23 11 21 11 11 21 1 11 23 21 11 11 11 11 11 22 21 11 21 21 11 21 10 12 21 11 11 20 22 21 11 10 11 12 11 10 22 21 21 21 20 12 11 11 11 11 21 21 22 11 20 22 21 11 23 11 20 12 21 11 11 12 11 20 11 22 21 11 11 21 21 11 11 21 22 1 12 21 11 21 11 11 21 21 21 12 11 22 11 20 11 11 11 11 11 22 12 10 12 21 11 21 10 22 21 21 21 22 11 11 20 12 20 21 22 10 11 21 11 11 10 23 21 11 11 11 20 23 10 11 12 11 21 21 11 22 11 11 21 10 21 12 21 12 11 20 21 11 12 21 11 11 11 21 21 21 21 21 11 21 22 20 11 20 12 21 22 20 12 11 11 11 21 22 10 21 20 22 12 21 20 22 11 11 11 22 10 21 11 21 11 22 21 21 21 11 22 10 21 11 21 21 22 20 12 20 11 12 20 22 21 11 11 11 10 12 12 10 21 21 21 21 21 11 11 11 11 22 11 22 21 11 20 11 11 22 11 11 21 
15 15 14 14 15 16 14 15 14 14 15 2 15 16 14 14 15 15 14 14 16 15 15 14 15 14 14 14 17 15 14 3 14 14 15 14 16 14 14 15 15 14 15 15 14 15 15 15 14 14 15 15 15 15 15 14 15 15 15 14 15 14 15 15 14 14 17 14 14 15 14 15 15 15 15 14 15 14 14 15 15 15 15 15 14 14 15 14 15 16 14 14 14 15 14 17 14 15 14 15 14 14 15 16 15 14 15 13 15 14 16 15 14 15 14 15 14 15 15 15 15 14 14 15 14 16 14 14 15 15 14 14 16 14 14 14 15 15 14 15 15 14 15 14 15 15 14 15 15 14 14 15 15 14 15 15 14 15 15 13 15 15 15 14 14 15 15 14 15 14 15 15 14 14 15 14 15 15 14 15 14 14 15 15 15 15 14 14 15 15 14 14 16 14 15 15 14 15 14 16 14 15 14 15 14 15 15 15 15 14 15 14 15 14 16 15 14 14 15 14 14 16 15 14 14 15 14 15 14 15 15 15 14 14 14 15 15 15 15 14 15 14 15 15 14 15 15 13 15 15 15 
16 35 34 34 19 18 18 34 18 19 34 35 35 34 34 20 34 34 19 35 18 34 35 19 34 17 19 35 19 17 35 19 18 18 22 34 19 34 35 35 18 18 35 18 35 18 17 19 19 35 34 19 19 34 34 35 34 18 18 17 20 35 35 18 35 18 35 35 18 18 34 35 34 35 17 36 18 34 36 34 34 36 34 34 36 18 18 35 35 5 18 34 18 37 18 18 34 20 18 3 34 18 36 34 34 36 34 35 19 34 18 18 36 35 35 17 3 20 34 35 35 18 35 18 35 34 19 34 36 34 35 19 34 18 18 37 18 18 18 35 35 18 34 35 34 18 19 35 33 18 18 21 18 34 18 18 35 35 18 36 18 3 18 18 35 36 34 36 34 34 19 34 35 17 19 19 17 18 18 18 18 36 18 18 17 36 35 34 18 35 18 35 18 35 18 19 34 36 34 35 19 33 18 18 36 18 18 17 18 36 35 18 18 19 34 34 19 19 18 35 33 37 34 18 18 36 34 34 19 18 35 17 18 19 18 18 35 35 34 35 19 35 34 18 35 18 17 19 35 18 35 
17 21 23 22 22 22 21 22 23 22 22 21 23 22 22 22 23 22 21 22 22 23 22 21 22 22 22 22 21 23 22 22 22 22 21 24 22 22 21 22 24 21 22 22 22 23 21 22 21 24 21 21 22 22 22 23 21 22 23 22 22 21 22 23 22 22 22 21 24 21 22 22 23 21 23 22 22 23 22 22 21 23 22 23 25 22 22 22 23 22 21 24 21 22 22 22 23 22 22 22 23 21 23 21 22 23 22 22 22 22 23 22 22 22 23 22 22 22 22 23 21 23 21 22 23 22 22 22 23 21 22 22 22 23 22 22 22 22 23 22 21 22 23 22 22 21 22 23 22 22 22 21 23 22 22 21 24 21 22 22 21 24 21 21 23 21 23 21 22 22 22 22 22 22 21 23 22 22 22 22 23 23 22 21 23 22 22 22 22 23 22 22 22 21 24 22 22 21 24 21 22 22 21 24 22 21 22 23 22 23 21 23 22 22 22 22 22 23 22 22 22 22 23 22 21 22 22 22 21 22 22 23 22 21 22 22 22 21 23 21 23 22 21 22 22 23 22 22 21 22 24 
18 51 29 27 28 53 28 26 54 53 53 27 53 29 53 28 52 27 54 27 27 29 28 52 28 27 27 54 27 53 51 28 29 27 27 55 27 27 27 29 52 27 29 52 53 27 27 29 28 52 53 27 27 54 27 54 52 53 52 28 53 53 27 27 54 52 28 28 26 28 53 27 28 29 27 52 54 27 27 29 52 28 53 27 28 28 52 27 28 27 27 28 27 53 28 51 29 27 52 53 27 53 53 26 29 3 28 27 28 27 27 53 52 27 28 27 52 53 27 27 53 53 28 53 53 52 30 52 27 28 28 52 53 54 52 53 52 27 28 54 27 29 27 27 28 53 27 29 53 54 27 53 54 52 54 52 29 28 27 28 53 27 29 53 27 54 52 53 53 28 28 27 30 52 27 28 28 52 28 28 27 53 52 58 27 53 53 54 60 36 62 55 54 53 29 52 29 26 53 54 51 53 28 28 53 54 27 27 54 28 27 27 54 52 29 28 52 28 28 53 27 53 29 52 53 53 27 53 27 27 29 27 53 28 27 53 52 52 27 53 29 51 28 29 27 28 52 28 27 28 27 
19 36 35 35 35 35 35 35 34 36 34 35 36 35 34 35 35 35 35 34 35 36 34 35 37 34 34 36 35 35 36 34 35 36 36 34 36 35 34 37 34 35 35 35 34 36 35 35 35 36 35 34 37 37 35 36 35 35 35 35 35 35 34 35 37 34 35 36 35 34 37 35 34 36 35 35 36 34 35 36 35 35 36 34 35 35 35 34 35 36 34 35 36 35 34 36 35 35 36 35 34 36 35 35 35 35 35 36 35 35 36 35 34 37 34 35 35 35 35 36 34 35 36 35 34 35 36 34 34 36 35 35 35 35 34 35 35 35 35 34 35 36 34 34 35 35 35 35 35 35 35 35 34 36 35 34 37 35 33 37 35 34 37 34 34 36 35 34 35 37 34 35 36 35 35 36 34 35 36 35 34 36 35 34 36 35 34 37 34 34 37 34 35 35 35 35 36 34 35 35 35 34 35 35 34 36 34 35 35 35 35 34 36 35 34 36 35 34 35 35 35 36 35 34 37 35 34 36 35 35 36 34 36 35 34 35 37 34 35 36 35 34 36 34 36 35 35 35 35 35 33 
20 42 41 80 80 80 42 42 80 42 41 80 81 80 41 41 41 79 81 42 80 41 80 80 41 43 41 4 81 80 79 80 43 80 81 80 42 80 43 80 80 81 81 80 43 42 80 81 41 42 80 42 80 81 43 42 41 43 80 79 81 79 42 42 80 80 81 80 82 79 81 79 81 82 79 42 80 42 42 43 79 42 42 81 81 41 80 42 80 80 41 43 80 41 81 41 81 81 80 42 42 42 42 81 80 80 43 83 80 43 41 80 42 81 42 43 82 41 42 81 42 42 81 41 41 80 81 81 80 42 81 81 42 41 43 80 41 42 81 81 80 80 43 41 81 41 43 81 79 42 42 42 41 81 80 42 41 41 43 80 42 41 43 80 80 42 41 42 42 80 41 43 80 42 81 42 80 42 43 79 42 81 79 81 42 42 41 42 81 79 81 80 80 79 81 81 79 80 80 81 42 80 43 41 42 41 82 41 42 42 42 43 79 81 80 42 80 42 79 42 80 80 42 79 81 42 41 80 82 78 83 42 80 80 41 81 44 41 81 81 79 81 80 42 42 81 42 42 81 41 42 
21 50 50 50 50 49 51 48 50 49 50 49 50 49 50 50 49 50 49 51 49 51 49 50 49 51 48 51 49 50 49 50 50 50 49 49 51 49 51 49 50 49 50 50 50 49 51 48 51 48 51 50 49 49 49 50 49 50 49 50 49 50 49 51 48 50 48 50 49 50 49 49 50 49 50 49 52 48 51 48 50 49 50 49 49 49 50 49 50 49 49 50 49 51 48 50 49 49 50 50 48 51 49 50 49 50 49 51 49 48 51 49 50 48 51 49 49 50 50 49 50 48 50 49 51 48 51 48 49 50 49 50 49 50 48 51 49 50 48 51 48 50 49 51 48 50 49 48 50 49 50 50 50 49 50 49 49 48 51 49 50 49 49 48 50 49 48 50 48 50 50 50 48 50 48 50 49 50 49 50 49 50 49 50 48 49 50 49 50 48 50 49 51 48 49 50 50 50 49 49 50 49 50 49 49 49 49 50 49 49 49 49 49 50 6 49 50 49 50 49 49 50 49 49 50 48 49 50 48 50 50 49 48 50 49 50 49 49 49 50 49 50 49 50 48 49 51 48 50 48 50 
22 59 116 59 115 115 114 117 59 114 115 60 59 61 115 60 114 60 61 60 60 61 59 61 59 115 116 115 6 115 115 114 116 60 115 115 60 115 114 60 60 60 116 60 115 62 60 117 114 59 114 59 116 60 115 115 114 61 59 61 59 61 59 118 116 115 114 114 61 59 115 114 117 61 114 61 115 115 114 60 115 114 115 60 114 116 59 114 61 60 115 115 116 59 60 61 60 114 114 115 59 114 61 60 60 114 61 58 62 115 59 117 59 116 61 59 62 59 116 59 61 60 114 117 115 116 115 114 115 115 61 114 60 117 114 60 60 114 113 115 115 115 117 59 114 61 115 115 114 114 61 115 62 113 61 59 115 115 115 61 59 61 114 114 61 60 115 60 115 61 115 115 116 59 116 59 115 8 59 60 59 116 115 114 116 60 61 59 115 61 114 116 114 115 61 60 115 114 60 115 61 114 61 115 59 114 116 59 115 114 61 115 60 59 115 62 58 61 115 114 116 60 114 115 117 115 117 59 60 114 115 115 115 115 60 59 116 114 114 115 114 115 114 115 60 114 115 114 61 59 118 
23 72 73 73 74 74 72 74 73 74 72 73 73 74 74 74 72 74 73 74 73 74 72 74 73 73 74 74 72 74 75 72 74 73 74 73 75 72 74 74 73 73 75 72 74 73 72 74 74 72 74 73 73 74 73 73 74 73 72 75 74 72 75 73 73 74 74 72 74 74 72 74 75 72 74 73 72 74 73 73 73 74 72 73 74 72 74 74 73 74 73 72 75 73 72 73 74 72 74 73 73 74 74 73 73 74 72 74 74 71 74 73 73 74 73 73 73 74 72 74 73 72 75 73 74 73 74 73 74 74 73 75 73 73 74 74 72 75 73 72 74 74 72 74 74 73 73 75 72 74 78 72 74 74 73 73 75 72 74 75 73 73 74 71 73 73 73 74 73 73 73 74 72 74 73 73 75 73 73 74 74 73 72 75 72 75 74 74 73 75 73 73 74 72 74 73 73 73 73 73 75 73 73 73 73 74 73 73 73 74 74 72 74 74 72 73 75 72 74 73 74 73 74 72 74 74 72 74 74 72 74 73 73 73 74 73 74 73 73 73 74 73 73 74 72 75 73 73 73 75 73 
24 86 165 164 86 86 86 86 165 86 86 85 85 166 87 163 167 164 87 165 164 166 165 166 164 86 166 166 87 165 165 86 164 85 87 86 87 84 86 166 163 165 86 164 165 164 85 166 164 165 165 165 164 86 85 87 164 167 164 165 87 164 86 166 86 166 165 85 165 166 165 167 164 165 164 164 164 166 165 85 87 164 86 86 86 86 86 85 86 165 165 85 166 84 87 86 166 85 165 87 84 86 166 164 165 165 86 165 87 85 166 86 84 167 87 165 85 85 86 163 166 86 164 166 164 86 165 165 167 165 165 165 166 86 85 164 87 165 86 85 167 165 166 85 167 87 165 166 165 85 86 167 85 165 85 164 86 166 85 166 86 86 86 85 165 165 165 86 85 85 87 86 164 164 86 85 166 165 85 86 165 164 86 86 165 165 165 86 86 87 164 87 87 87 165 167 87 164 167 164 165 165 167 87 165 85 87 164 87 85 86 86 84 167 165 86 167 86 84 86 167 164 86 86 165 86 166 86 165 165 85 86 165 164 86 166 84 165 87 86 164 166 84 86 86 86 164 165 164 165 85 
25 100 100 99 98 99 100 101 99 100 99 98 100 100 99 99 99 100 99 99 100 100 99 100 100 99 99 100 99 99 100 99 99 100 99 100 99 100 100 99 99 99 100 99 100 100 100 99 99 99 100 100 98 99 100 99 99 100 100 99 99 100 100 103 99 99 100 99 99 99 100 100 99 99 99 99 97 100 99 99 99 100 100 100 99 101 99 100 98 101 100 99 99 100 99 98 101 99 100 100 98 99 100 99 99 100 99 100 99 99 100 99 99 98 99 99 99 100 99 100 99 100 98 102 99 98 100 99 100 100 99 99 100 100 99 99 100 98 99 99 99 99 100 98 100 99 100 100 100 98 99 98 100 100 100 99 100 99 100 100 99 98 99 100 100 100 100 100 100 99 101 101 99 99 98 100 100 99 99 99 99 100 100 101 99 99 100 100 100 99 99 99 99 100 99 99 99 99 98 100 99 99 99 99 101 100 100 99 100 98 100 99 100 99 99 100 100 100 99 99 100 99 100 99 100 101 99 100 99 100 99 100 99 98 100 99 100 100 99 98 98 100 99 100 99 99 99 100 101 99 99 
26 116 117 226 118 117 225 226 224 226 118 117 118 117 226 117 117 118 226 225 226 117 117 117 118 117 117 230 117 226 119 227 116 118 117 225 117 117 118 226 226 226 118 227 116 118 117 117 118 118 225 118 225 118 117 118 227 118 117 225 225 227 118 119 226 227 116 118 224 117 117 225 225 117 224 226 226 228 225 117 117 117 118 225 227 117 225 226 226 225 118 117 118 225 224 225 117 225 225 117 227 227 116 118 224 225 117 117 225 226 117 119 226 225 116 118 225 117 117 225 226 116 227 226 226 225 226 225 225 117 117 225 118 225 117 117 116 117 226 117 225 224 118 117 117 226 224 117 117 117 117 224 117 116 226 117 227 116 117 226 117 229 225 225 118 227 225 118 226 117 225 117 226 224 225 224 226 227 116 118 117 117 225 117 225 117 226 225 225 119 225 116 118 225 225 225 226 226 225 228 226 117 225 224 117 225 226 117 224 118 117 226 225 117 224 225 225 224 226 118 117 226 226 225 225 226 225 118 118 225 228 225 118 117 118 117 117 118 226 117 117 118 226 226 117 225 119 116 120 225 226 
27 139 141 141 139 140 140 140 139 140 140 140 140 140 140 140 140 140 140 139 140 140 141 139 141 140 139 140 141 139 140 140 141 138 140 139 140 141 140 139 140 141 139 139 140 141 139 139 139 140 141 139 139 138 141 140 138 140 143 139 138 139 139 141 139 140 139 140 139 141 139 140 141 139 139 139 140 139 139 140 141 139 138 140 140 142 139 139 140 141 139 140 139 141 140 138 139 140 141 140 139 139 141 138 140 139 140 140 139 139 139 141 141 140 140 141 140 139 139 139 139 139 139 139 142 139 140 140 140 140 140 139 139 141 139 139 140 142 139 140 139 142 139 139 140 140 140 139 141 140 141 139 140 140 141 139 139 140 139 141 140 139 140 140 139 139 140 141 140 139 140 140 141 140 139 140 140 140 140 139 141 140 140 141 139 141 141 140 140 141 141 140 139 139 142 140 139 139 141 139 140 139 140 140 140 140 140 141 140 140 139 140 140 139 139 142 139 138 140 139 141 140 139 138 143 139 139 140 140 140 140 139 144 141 139 139 140 141 139 140 140 140 140 140 140 138 142 140 140 140 140 
28 160 161 161 160 311 310 159 161 160 311 162 311 310 312 160 313 314 162 314 315 163 315 314 162 163 162 161 164 163 163 162 313 159 310 161 160 313 310 161 308 309 161 311 160 311 160 162 160 162 160 160 309 162 160 161 310 310 311 161 161 160 162 315 163 312 161 160 162 310 160 309 312 309 161 310 310 314 311 310 310 160 311 310 160 161 161 160 166 311 160 311 312 311 160 311 310 161 313 160 161 161 310 312 310 162 310 310 312 162 309 311 311 312 160 164 308 313 161 309 162 309 309 160 160 162 309 310 310 312 310 160 14 310 309 310 309 310 310 311 311 309 311 162 159 311 160 313 310 160 311 312 160 310 312 160 310 162 310 161 311 160 160 162 312 160 312 159 162 160 310 310 161 162 310 161 161 311 161 311 161 162 160 311 310 311 162 162 308 310 310 161 309 162 311 310 161 160 310 309 161 161 308 311 163 160 160 316 314 161 164 312 312 162 311 160 163 160 310 310 310 161 161 161 160 310 310 160 162 311 161 160 312 315 161 162 160 311 161 163 160 311 161 312 160 162 159 163 312 161 312 
29 183 184 185 183 184 183 185 183 183 184 183 184 184 183 183 184 182 183 183 184 183 184 184 185 183 184 183 184 184 184 185 182 184 185 184 183 183 184 183 184 185 184 182 183 184 183 185 183 184 183 185 185 184 183 185 184 184 183 184 185 182 184 184 184 185 182 184 185 183 184 182 185 184 183 184 184 183 183 183 185 184 182 186 182 185 183 184 188 184 182 184 183 185 184 183 185 183 184 183 182 184 183 183 184 183 185 185 183 185 184 185 184 183 183 184 183 183 183 184 183 183 185 184 184 185 183 184 185 182 185 183 184 185 182 184 185 185 185 184 184 184 182 184 184 184 184 183 185 183 184 184 183 184 184 184 185 183 184 183 183 184 182 185 184 183 183 185 184 185 184 184 184 184 184 183 184 184 183 184 185 183 183 183 184 184 184 185 183 185 186 183 184 185 183 184 183 186 184 182 184 185 184 184 182 184 183 183 184 182 184 183 183 184 183 183 183 183 184 184 183 184 184 184 182 183 184 183 184 185 183 185 185 184 185 184 184 185 183 184 185 183 185 182 185 184 183 184 183 184 183 
30 214 411 411 214 212 411 211 412 408 213 408 213 411 212 413 410 410 212 412 410 214 409 410 412 411 411 213 412 212 212 410 212 213 412 210 411 214 411 211 213 213 213 412 411 213 213 213 213 213 214 213 214 411 411 410 212 212 408 409 212 410 213 412 410 211 213 410 213 213 212 212 413 412 410 412 411 410 213 212 214 410 212 212 413 213 214 215 415 212 411 214 411 412 215 214 216 214 216 414 415 409 410 212 410 410 409 214 412 410 212 413 212 212 411 412 213 410 411 411 213 214 213 410 410 213 412 411 410 213 213 212 409 212 212 212 212 214 409 415 214 213 212 213 213 213 412 409 213 410 213 410 215 212 213 214 409 411 412 213 412 412 410 213 411 212 409 212 414 410 212 214 213 411 215 410 212 213 411 409 213 213 214 409 411 212 213 411 411 412 213 211 212 408 212 409 211 212 411 410 412 411 410 411 411 414 412 213 213 212 212 213 213 412 212 412 412 213 212 411 213 412 409 412 215 409 214 214 214 217 410 213 213 411 213 212 212 411 411 409 214 215 213 411 411 213 213 409 213 212 414 
31 250 250 247 249 248 248 248 248 248 250 249 247 249 249 247 248 248 247 249 247 249 248 248 249 248 249 249 249 250 250 248 250 248 248 250 248 249 248 248 248 248 248 247 250 249 248 249 248 247 249 248 248 249 247 248 248 249 249 248 249 247 247 248 246 248 248 249 248 247 249 249 247 247 249 249 249 249 249 249 248 248 247 249 252 248 248 247 247 249 248 248 247 247 247 248 247 249 248 246 248 247 248 248 247 248 249 248 249 249 248 249 250 248 247 248 247 247 248 249 248 249 249 248 251 247 248 247 250 248 248 249 251 249 248 249 248 246 250 248 248 249 248 248 248 247 248 248 249 248 247 249 248 249 249 21 249 247 249 249 249 249 247 247 249 248 248 248 250 249 247 248 249 248 248 247 247 248 249 246 248 248 248 248 248 248 248 248 249 247 250 247 251 249 247 249 247 249 247 254 252 251 251 252 252 248 249 248 249 247 248 247 248 247 247 251 248 248 249 248 248 249 247 249 248 249 249 247 248 248 249 247 248 248 247 248 249 248 249 247 248 248 247 247 248 248 248 247 247 248 253 
32 546 285 545 284 546 284 282 283 548 284 547 551 282 283 547 548 548 546 284 281 544 545 284 282 545 546 544 282 280 547 546 283 546 285 281 282 284 546 283 282 282 282 547 280 282 283 281 548 547 285 280 283 283 548 547 549 283 548 546 547 285 545 284 549 282 281 547 545 284 283 282 547 285 282 282 283 282 284 282 283 282 548 546 282 550 284 547 281 284 281 548 544 284 281 547 546 546 282 283 283 549 546 547 283 283 548 546 547 281 545 281 283 283 281 284 548 545 284 286 545 282 549 546 544 548 545 547 281 546 551 284 282 283 282 547 547 545 283 545 545 549 282 283 546 282 547 284 546 283 282 284 551 281 550 282 283 544 551 547 282 546 546 281 548 282 282 548 282 549 546 544 546 282 281 545 284 283 546 282 547 283 547 547 546 547 282 283 546 548 548 283 546 282 282 545 548 282 283 545 284 282 281 283 284 283 548 284 281 548 547 547 548 545 281 283 547 545 282 284 548 544 547 283 281 282 545 282 550 281 284 283 130 284 549 282 548 280 283 548 281 549 281 546 286 551 281 282 548 546 281 
33 319 318 320 319 316 320 319 318 320 319 319 320 321 317 320 320 318 320 319 321 319 319 319 318 319 319 319 319 320 318 318 319 320 321 320 321 321 324 324 322 324 324 322 323 321 317 319 319 319 321 321 318 320 320 319 320 320 320 320 318 319 320 319 320 320 320 319 319 319 320 320 318 320 320 317 320 320 318 319 320 318 319 321 319 319 319 320 319 317 319 322 318 319 320 319 329 320 319 319 321 318 321 320 318 320 319 317 321 321 317 322 320 318 319 317 319 320 317 320 319 317 322 322 320 321 322 323 345 321 321 320 321 318 321 322 318 322 321 318 320 321 319 319 320 320 319 321 320 320 318 321 320 317 319 318 319 319 319 319 319 320 318 319 318 318 320 318 318 320 318 322 320 318 320 320 318 318 319 318 319 319 318 320 319 320 319 320 317 321 319 319 319 320 318 319 319 317 319 319 317 320 318 319 319 319 320 319 319 320 320 318 320 322 318 321 319 318 321 319 318 320 319 318 320 318 317 318 319 319 320 319 320 320 318 320 320 319 319 320 319 319 320 318 321 320 318 320 319 317 319 
34 363 363 362 705 363 364 362 704 702 701 364 364 366 363 362 364 364 362 703 364 364 363 362 364 364 364 701 703 703 362 703 362 702 711 366 702 704 363 364 364 705 702 366 703 361 363 362 363 701 363 363 702 703 362 707 703 704 701 364 704 703 703 363 362 362 704 703 703 364 705 363 362 706 362 364 703 704 700 702 701 363 703 703 704 702 364 702 364 703 701 365 361 364 702 702 702 699 702 704 705 363 703 363 364 703 362 702 361 363 703 361 703 362 364 702 365 704 364 705 703 363 702 703 362 363 363 362 363 361 698 702 361 362 705 364 703 702 362 703 699 699 702 702 365 364 361 364 702 363 29 702 700 363 703 366 367 362 699 701 364 365 363 704 363 703 703 703 363 703 364 363 363 703 703 702 362 704 364 362 363 702 365 705 711 364 701 362 362 702 705 705 364 364 362 361 364 702 702 704 704 701 362 364 704 364 703 702 363 704 363 364 362 702 702 703 703 363 702 364 363 704 701 364 363 365 362 702 700 704 364 363 702 702 703 361 363 363 363 363 363 703 363 703 701 363 704 363 365 366 367 
35 416 416 414 408 410 412 409 412 410 410 411 416 414 410 411 409 412 412 413 414 416 411 410 413 410 408 414 412 408 410 409 411 413 412 411 411 410 411 412 411 410 412 409 411 413 411 412 412 411 409 411 410 411 411 411 410 413 411 410 413 410 410 413 411 410 413 410 410 412 410 410 412 410 411 412 410 412 411 411 410 412 412 411 412 411 410 411 410 415 414 412 411 411 410 411 411 410 412 411 410 411 411 411 411 410 411 410 412 410 412 410 412 410 410 412 410 409 411 409 411 413 409 412 410 410 411 413 410 409 409 410 409 413 411 410 410 412 410 409 408 410 408 410 410 412 411 410 412 411 410 412 411 410 411 411 414 412 411 413 415 412 410 411 410 409 413 410 412 411 409 411 413 411 411 413 410 411 417 411 409 412 411 410 412 410 411 414 413 411 413 410 411 415 415 412 412 411 412 411 409 411 411 410 413 411 411 410 414 412 408 413 409 411 411 410 409 411 410 410 411 410 418 421 410 412 412 411 411 411 414 411 412 415 410 413 410 409 411 409 410 410 411 410 412 411 409 409 410 409 409 
36 462 900 464 464 900 899 897 464 463 902 899 903 902 470 899 463 898 906 464 465 465 901 900 898 466 899 465 466 900 900 902 464 901 465 901 904 903 900 901 463 466 900 469 899 900 462 903 901 902 901 904 464 462 898 466 899 903 464 899 901 903 902 901 465 466 904 900 466 901 900 465 464 904 463 464 464 463 904 471 465 901 465 463 465 900 897 463 900 902 903 463 465 464 465 899 902 902 464 466 900 901 901 901 465 902 468 468 901 901 464 901 900 899 898 464 901 465 897 897 462 464 901 901 900 904 463 463 898 464 464 902 898 896 900 903 902 465 904 902 463 464 464 462 462 898 463 465 464 468 465 900 463 466 465 901 465 465 899 899 465 900 902 902 903 900 900 465 465 898 900 901 465 462 464 466 462 901 465 899 465 896 464 897 899 900 464 463 902 464 463 464 467 464 900 463 464 899 466 466 900 466 902 466 901 900 899 900 900 901 899 463 465 465 465 466 904 901 464 901 898 900 900 466 901 900 900 902 901 899 463 463 462 900 901 900 898 899 901 902 900 464 467 466 904 464 899 463 464 463 466 
37 524 525 526 524 524 524 527 529 524 524 528 525 524 522 524 524 524 521 524 523 522 521 524 526 525 523 524 524 523 525 524 522 524 525 527 524 524 526 524 525 524 524 524 524 523 525 523 524 525 527 527 525 523 523 524 523 524 525 524 524 521 526 524 524 524 528 524 524 525 524 523 524 525 524 522 525 524 526 526 525 524 524 524 527 523 525 525 523 525 523 525 527 524 523 526 524 525 524 524 523 524 524 526 524 527 524 527 522 522 524 523 525 524 523 526 524 525 522 524 526 525 525 525 525 524 523 524 525 525 522 523 523 523 523 525 524 524 522 526 526 528 522 521 527 521 521 522 523 522 525 525 526 527 523 524 525 521 524 526 522 527 523 523 524 524 525 529 523 524 526 524 525 525 523 524 527 523 522 524 524 521 526 521 525 523 525 523 525 523 525 524 523 523 523 523 526 523 525 526 525 524 527 527 529 529 533 524 524 523 521 523 524 526 525 525 524 524 525 523 524 525 524 523 524 524 525 523 532 543 527 536 525 528 525 525 523 525 526 524 522 524 524 525 526 525 523 524 526 526 523 
38 596 1149 1151 1149 1151 596 1150 1158 598 593 594 591 1156 1149 1146 591 1150 595 1150 1150 1146 1146 593 591 592 593 590 1154 598 598 594 593 591 1151 592 591 1155 1150 1151 590 1150 593 594 1151 1150 590 1150 592 594 593 1150 594 596 1151 1149 594 1150 1149 1152 591 1149 1149 592 1150 1152 1151 593 591 593 1150 595 1150 592 592 1150 596 597 594 596 1150 1152 592 593 1153 1149 592 1151 1164 1165 599 1159 595 593 591 595 1155 1152 1150 599 1146 1149 594 594 594 1148 1149 1148 592 593 1151 593 1150 1150 594 596 590 1154 590 595 593 1151 1150 591 594 1150 1150 592 591 594 590 592 591 1149 590 1150 1152 594 592 1152 591 1152 592 1150 595 1153 593 597 1151 591 1148 1151 1155 1151 1150 1148 594 590 593 593 1147 591 1151 598 592 592 591 591 1149 593 1150 1151 592 592 1151 593 592 592 595 592 593 1152 1153 1162 1160 1152 1153 593 592 593 593 1149 594 1150 593 593 594 1154 594 1151 594 592 1150 1150 1152 1150 592 1150 1151 592 1151 591 591 1146 1151 1152 1156 1164 591 1149 597 592 1151 1149 592 1151 1151 1150 592 592 1150 594 1160 594 594 1150 591 594 1151 1152 592 1150 592 594 591 1155 593 1153 592 1152 591 
39 676 673 675 671 671 675 674 673 672 670 670 672 674 676 673 675 672 674 675 672 673 672 673 673 672 672 672 678 675 675 674 672 674 672 672 673 677 671 672 675 677 672 673 671 674 676 673 673 674 673 672 674 672 670 673 672 679 674 674 672 676 675 674 673 673 673 675 673 672 676 673 673 674 675 673 672 673 676 676 675 675 674 675 673 673 673 673 671 673 673 672 672 676 675 674 675 674 674 673 674 672 677 674 673 673 673 672 674 675 675 676 674 675 672 677 673 673 674 673 672 672 671 671 676 672 673 673 671 676 673 674 672 675 673 674 675 678 680 672 673 674 676 676 672 673 673 674 672 674 673 673 675 678 676 675 675 675 672 674 676 675 674 678 673 674 671 674 673 673 673 673 673 671 677 674 675 672 674 674 673 672 674 676 673 673 672 671 675 672 677 674 673 673 672 672 675 672 672 674 674 673 674 672 673 673 675 674 674 672 676 673 679 673 672 674 672 676 674 672 674 673 673 672 672 676 673 673 672 672 672 672 673 675 672 674 674 672 674 674 674 676 673 671 673 675 676 675 673 673 674 
40 754 749 1455 752 750 1453 1456 749 751 754 750 753 1456 1456 1457 1456 1454 750 1463 1458 752 752 751 1459 754 752 1462 1454 1457 748 1457 1458 1458 1459 750 750 750 749 1454 749 1467 750 1453 1460 1457 1457 754 1456 1457 749 752 748 750 749 1455 753 752 1454 751 1456 751 1460 751 750 750 752 754 750 1456 1456 751 1456 750 1454 1460 1455 750 753 750 750 1454 1454 1453 749 1456 1451 748 758 760 1461 750 749 1455 1451 1453 1453 754 1456 1461 751 1461 1460 755 755 1459 1461 1455 748 1458 1484 759 1452 1452 760 1468 1486 1459 1457 1460 748 1455 749 1458 1462 749 750 1454 1455 1456 750 750 1450 1451 753 751 1457 749 1456 1461 1461 750 751 749 1456 751 752 749 1460 751 1459 1455 1456 751 1456 1452 1454 749 1460 1456 1459 1456 1457 751 1458 750 750 1456 1454 1457 1464 1460 754 752 1461 1457 752 1464 749 752 751 1458 749 749 747 749 1459 756 759 758 749 756 751 1457 749 1457 1455 1457 749 1456 749 1461 751 1455 1455 1452 746 747 1457 1451 1452 1459 753 1485 1457 1452 1461 1456 751 750 751 750 1458 749 748 750 1454 1458 1456 1456 749 1458 752 1456 1463 752 748 748 1454 748 752 751 752 1462 750 1456 750 1453 1456 1460 1458 
