5 3 0 0 1 0 0 0 1 0 0 0 0 0 0 0 0 0 0 0 0 0 1 0 0 0 0 0 0 0 0 0 0 0 1 0 0 0 0 0 0 0 0 0 0 0 0 0 0 0 0 0 0 0 0 1 0 0 0 0 0 0 1 0 0 0 0 0 0 0 0 0 0 0 0 0 1 0 0 0 0 0 0 0 0 0 0 0 0 0 0 0 0 0 0 0 0 0 0 0 1 0 0 0 0 0 0 0 1 0 0 0 0 0 0 0 0 0 0 0 0 0 0 0 1 0 0 0 0 0 0 0 0 0 0 0 0 0 0 0 0 0 1 0 0 0 0 0 0 0 0 0 0 0 0 1 0 0 0 0 0 0 0 0 0 0 0 0 0 0 0 0 0 1 0 0 0 0 0 0 0 0 0 0 0 0 0 0 0 0 0 1 0 0 0 0 0 0 0 0 0 0 0 0 0 0 0 0 0 1 0 0 0 0 0 0 0 0 0 0 0 0 0 0 0 0 0 0 0 0 0 0 0 0 1 0 0 0 0 0 0 0 0 0 1 0 0 0 0 0 0 
6 0 0 0 0 0 0 0 0 0 0 0 0 0 0 0 0 0 0 0 0 0 0 1 0 0 0 0 0 1 0 0 0 0 0 0 0 0 0 0 0 1 0 0 0 0 0 0 0 0 0 0 0 0 0 0 0 0 0 1 0 0 0 0 0 0 0 0 0 0 0 0 1 0 0 0 0 0 1 0 0 1 0 0 0 0 0 0 0 0 0 0 0 0 0 1 0 0 0 0 2 0 0 0 0 0 0 0 0 1 0 0 0 0 0 0 0 0 0 0 0 0 0 0 0 0 0 0 0 1 0 0 0 0 0 1 0 0 0 0 0 0 0 0 0 0 0 0 0 0 0 1 0 0 0 0 0 0 0 0 0 0 0 0 0 0 0 0 0 0 0 0 0 0 0 1 0 0 0 0 0 0 1 0 0 0 0 0 0 0 0 0 0 0 0 0 0 0 0 0 0 0 0 0 0 0 0 0 0 0 0 0 0 0 0 0 0 0 0 0 0 0 0 0 0 1 0 0 0 0 0 0 0 0 0 1 0 0 0 0 0 0 0 0 0 0 0 0 0 0 0 
7 0 0 0 0 0 0 0 0 0 0 0 0 0 0 1 0 0 0 0 1 0 0 0 0 0 0 0 0 0 0 1 0 0 0 0 0 0 0 0 0 1 0 0 0 0 0 0 0 0 0 1 0 0 0 0 0 0 0 0 0 0 1 0 0 0 0 0 0 0 0 1 0 0 0 0 0 0 0 1 0 0 0 0 0 0 0 0 0 0 0 1 0 0 0 0 1 0 0 0 0 0 1 0 0 0 0 0 0 0 0 0 0 0 0 0 0 0 0 0 0 0 0 1 0 0 0 0 0 0 0 1 0 0 0 0 0 0 0 0 0 0 0 0 0 0 0 1 0 0 0 0 0 0 0 0 0 0 0 0 0 0 0 0 0 0 0 0 0 0 1 0 0 0 0 0 0 0 1 0 0 0 0 0 0 0 0 0 0 0 0 0 0 1 0 0 0 0 0 0 0 0 0 0 0 0 0 0 0 0 0 0 0 0 0 0 1 0 0 0 0 0 0 0 1 0 0 0 0 0 0 0 0 0 0 0 0 0 0 1 0 0 0 0 0 0 0 0 0 0 0 
8 0 0 2 0 0 0 0 0 0 0 1 0 0 0 0 0 0 0 0 0 0 0 0 0 0 0 0 0 0 0 0 1 0 0 0 0 0 0 0 1 0 0 0 0 0 0 0 0 0 0 0 0 0 0 0 0 0 0 0 0 1 0 0 0 0 1 0 0 0 0 0 0 0 0 0 0 0 0 1 0 0 0 0 0 0 0 0 0 0 0 0 0 0 0 0 0 0 1 0 0 0 0 0 0 0 1 0 0 0 0 0 0 0 0 0 0 0 0 0 1 0 0 0 0 0 0 0 0 0 0 1 0 0 0 0 0 0 0 0 0 0 0 0 0 0 1 0 0 0 0 0 0 0 0 0 0 0 0 0 0 1 0 0 0 0 0 0 0 0 0 0 0 0 0 0 0 0 0 0 0 0 0 0 1 0 0 0 0 0 0 1 0 0 0 0 0 0 0 0 0 0 0 0 0 0 1 0 0 0 0 0 0 0 0 0 0 0 0 0 0 0 0 0 0 0 0 0 0 0 0 0 0 0 0 1 0 0 0 0 0 0 0 0 0 0 0 1 0 0 0 
9 0 0 0 0 0 0 0 0 1 0 0 0 1 0 0 0 0 0 0 0 1 0 0 0 0 0 0 0 0 1 0 0 0 0 0 0 0 0 0 0 0 1 0 0 0 1 0 0 0 0 0 0 0 0 1 0 0 0 0 0 0 0 1 0 0 0 0 0 0 0 1 0 0 0 0 0 0 0 1 0 0 0 0 0 0 0 0 0 0 0 1 0 0 0 1 0 0 0 0 0 0 0 1 0 0 0 0 0 0 0 1 0 0 0 0 0 0 0 1 0 0 0 0 0 0 0 0 0 0 0 0 1 0 0 0 1 0 0 0 0 0 0 0 1 0 0 0 0 0 0 0 1 0 0 0 0 0 0 0 0 1 0 0 0 0 0 0 0 1 0 0 0 0 0 0 0 1 0 0 0 0 0 0 0 1 0 0 0 0 0 0 0 0 1 0 0 0 0 0 0 0 1 0 0 0 0 0 0 0 1 0 0 0 0 0 0 0 0 0 0 0 1 0 0 0 0 1 0 0 0 0 0 0 0 1 0 0 0 0 0 0 0 1 0 0 0 0 0 0 0 
10 1 0 0 0 0 1 0 0 0 0 0 0 0 0 1 0 0 1 0 0 0 0 0 1 0 0 0 0 0 1 0 0 0 0 1 0 0 0 0 0 1 0 0 0 0 0 0 0 0 1 0 0 1 0 0 0 0 0 1 0 0 0 1 0 0 0 0 0 1 0 0 0 0 1 0 0 0 0 0 0 0 0 1 0 0 1 0 0 0 0 0 1 0 0 0 0 0 1 0 0 0 0 0 0 0 0 1 0 0 1 0 0 0 0 0 1 0 0 0 0 0 1 0 0 0 0 0 1 0 0 0 0 0 0 0 0 1 0 0 0 0 1 0 0 1 0 0 0 0 0 1 0 0 0 0 0 0 0 0 1 0 0 1 0 0 0 0 0 1 0 0 0 0 0 1 0 0 0 0 0 1 0 0 0 0 0 1 0 0 0 0 0 1 0 0 0 0 0 0 0 1 0 0 1 0 0 0 0 0 1 0 0 0 0 0 1 0 0 0 0 0 1 0 0 1 0 0 0 0 0 1 0 0 0 0 1 0 0 0 0 0 0 0 0 1 0 0 0 0 0 
11 1 0 0 1 0 0 1 0 0 0 1 0 0 0 1 0 0 0 1 0 0 0 0 0 1 0 0 1 0 0 0 1 0 0 0 1 0 0 0 1 0 0 0 1 0 0 0 0 0 0 0 0 1 0 0 0 1 0 0 0 1 0 1 1 0 0 0 1 0 0 0 0 1 0 0 0 0 0 1 0 0 0 0 0 0 1 0 1 0 0 0 0 1 0 0 0 0 0 1 0 0 0 0 1 0 0 0 0 0 0 0 1 0 0 1 0 0 0 0 1 0 0 0 0 0 1 0 0 0 0 0 0 0 1 0 0 0 0 1 0 0 1 0 0 0 1 0 0 0 0 1 0 0 0 0 0 0 0 1 0 1 0 0 0 0 0 1 0 0 0 0 1 0 0 0 0 0 1 0 0 0 0 0 0 0 1 0 0 0 0 1 0 0 1 0 0 0 0 1 0 0 0 0 0 1 0 0 0 0 0 0 0 1 0 0 1 0 0 0 0 1 0 0 0 0 1 0 0 0 0 0 0 0 0 1 0 1 0 0 0 0 0 1 0 0 0 0 0 0 0 
12 0 1 0 0 0 0 1 0 0 0 1 0 0 0 0 0 0 1 0 1 0 0 0 1 0 0 0 1 0 0 0 0 0 0 1 0 0 0 1 1 0 0 0 1 0 0 0 0 1 0 0 0 1 0 0 0 1 0 0 0 0 1 0 0 0 0 0 1 0 1 0 0 0 0 1 0 0 0 1 0 0 0 0 1 0 0 0 0 0 1 0 1 0 0 0 0 1 0 0 0 0 0 1 0 1 0 0 0 0 1 0 0 0 1 0 0 0 0 1 0 0 0 0 0 1 0 0 1 0 0 0 1 0 0 0 1 0 0 0 0 1 0 0 0 0 0 1 0 1 0 0 0 0 1 0 0 0 1 0 0 0 0 0 0 0 0 0 0 1 0 1 0 0 0 0 1 0 0 0 0 0 1 0 1 0 0 0 0 1 1 0 1 0 0 0 1 0 0 0 1 0 0 0 0 1 0 1 0 0 0 0 1 0 0 0 1 0 0 0 1 0 0 0 0 0 0 1 0 1 0 0 0 0 1 0 0 0 1 1 0 0 0 1 0 0 0 0 0 0 1 
13 0 1 0 0 1 0 0 0 1 0 0 0 1 0 0 0 0 0 1 0 1 0 0 1 0 0 0 1 0 0 0 1 0 0 0 0 0 1 0 1 0 0 1 0 0 0 0 0 1 0 1 0 0 0 1 0 0 0 0 1 0 1 0 0 0 1 0 0 0 0 0 1 0 1 0 0 0 1 0 0 0 1 0 0 1 0 0 0 0 0 1 0 1 0 0 0 1 0 0 0 1 0 0 0 1 0 0 0 0 1 0 1 0 0 0 1 0 0 0 0 0 1 0 1 0 0 1 0 0 0 0 0 1 0 1 0 0 0 1 0 0 0 0 1 0 0 0 1 0 1 0 0 0 1 0 0 0 1 0 0 0 0 0 1 1 0 0 0 1 0 0 1 0 0 1 0 0 0 1 0 0 0 0 0 1 0 1 0 0 1 0 0 0 1 0 0 0 2 1 0 0 1 0 1 0 0 1 0 0 1 1 0 0 1 0 0 1 0 1 0 1 0 0 0 1 1 0 0 1 0 0 0 1 0 1 0 1 0 1 0 0 1 0 0 0 1 1 0 0 1 
14 1 0 1 0 1 0 1 0 1 0 0 1 1 0 1 0 0 1 1 0 1 0 0 0 1 0 1 0 1 0 0 0 0 1 1 0 0 1 0 0 0 1 0 1 0 1 0 0 0 0 1 1 0 0 1 0 0 1 0 0 1 0 1 0 1 0 0 1 0 0 0 1 0 0 0 1 0 0 0 0 1 1 0 1 0 0 1 0 1 0 0 1 0 0 1 0 0 1 0 0 1 0 0 0 1 0 1 0 1 0 0 0 0 1 1 0 0 1 0 0 0 1 1 0 0 1 0 0 1 0 1 0 1 0 0 1 0 1 0 0 0 1 0 1 0 1 0 0 0 1 0 1 0 1 0 0 0 1 1 0 0 1 0 0 0 1 1 0 0 1 0 0 0 1 1 0 0 1 0 0 1 0 2 0 1 0 1 0 0 0 1 1 0 0 1 0 1 0 0 0 1 0 1 1 0 0 1 0 0 0 1 0 1 1 0 0 1 0 0 1 0 0 0 1 1 0 1 0 0 1 0 1 0 0 0 1 0 0 1 1 0 0 1 0 0 1 0 1 0 1 
15 0 1 0 0 1 1 0 1 0 0 1 1 0 1 0 0 1 1 0 1 0 1 0 0 1 1 0 1 0 0 1 1 0 1 0 1 0 0 1 1 0 1 0 0 1 1 0 1 0 1 0 1 0 0 1 1 1 0 1 0 1 0 0 1 1 1 0 0 1 1 0 1 0 1 0 1 0 0 1 1 0 1 0 1 0 1 0 0 1 1 0 1 0 1 0 0 1 1 0 1 0 0 1 1 0 1 0 0 0 1 1 0 1 0 1 0 0 1 1 0 2 0 1 0 1 1 0 1 0 0 1 1 0 1 0 0 1 1 0 1 0 0 1 1 1 0 1 0 1 0 1 0 1 0 1 0 0 1 1 0 1 0 0 1 1 0 1 0 0 1 1 0 1 0 0 1 1 0 1 0 1 0 1 0 1 0 1 0 0 1 1 0 1 0 1 0 0 1 1 0 1 0 1 0 1 0 0 1 1 0 1 0 0 1 1 0 1 0 1 0 0 1 0 1 1 0 1 1 0 1 0 1 0 0 2 0 1 0 1 0 1 0 0 1 1 0 1 0 0 1 
16 1 0 1 1 0 1 0 1 0 1 1 0 1 1 0 1 0 0 2 0 1 0 0 2 0 1 0 0 2 0 1 0 1 1 1 1 0 0 1 1 1 0 1 1 0 0 1 1 1 0 1 0 0 1 1 1 0 1 0 1 1 0 1 0 0 2 0 1 0 0 1 1 1 0 1 0 1 1 0 1 0 1 0 1 1 1 0 1 1 0 0 2 0 1 0 1 1 0 1 0 1 1 0 0 1 0 1 1 1 0 1 0 1 1 0 0 1 1 1 0 0 1 1 1 0 0 1 1 1 0 1 0 0 2 0 1 0 1 1 0 0 1 1 1 0 1 0 1 0 1 1 0 0 1 1 1 0 1 0 0 1 1 1 0 1 0 1 1 1 0 2 1 1 1 1 1 1 1 1 0 1 1 1 0 2 0 1 1 1 1 1 0 1 1 1 1 1 0 1 1 1 1 1 0 2 0 1 1 0 2 1 0 1 1 1 1 1 0 1 0 1 1 0 1 1 0 1 0 1 1 0 0 1 1 0 1 1 0 0 1 1 1 0 1 0 1 0 1 1 0 
17 1 1 1 1 0 1 1 0 0 2 0 1 1 0 1 0 1 1 1 0 1 1 0 0 2 0 1 1 0 1 0 1 1 0 1 1 0 1 0 1 1 1 0 1 1 0 1 0 2 0 1 0 1 1 0 1 1 0 1 1 0 1 1 0 1 1 0 2 1 1 1 0 1 1 0 1 1 0 1 0 1 1 1 0 1 1 0 1 1 1 0 1 1 0 1 1 0 1 1 0 1 0 1 1 1 1 0 1 1 0 0 2 1 0 1 1 0 1 1 0 1 0 2 0 1 0 1 1 1 0 1 1 0 0 2 0 1 1 0 1 1 0 1 1 0 1 0 1 1 1 0 1 1 0 1 1 0 1 0 2 0 1 1 0 0 2 0 1 1 0 1 0 1 1 1 0 1 0 1 1 1 0 1 1 0 1 1 0 1 1 0 0 2 1 0 1 1 2 0 1 2 0 1 0 1 1 1 0 1 1 0 0 2 0 1 1 0 1 0 1 1 1 1 0 0 2 0 1 1 0 1 1 0 1 1 1 0 1 1 0 0 2 0 1 0 1 1 1 1 0 
18 1 1 0 2 1 0 1 1 1 1 0 2 0 1 2 0 1 1 1 0 2 1 0 1 1 0 2 1 1 0 1 1 1 0 2 1 0 2 1 0 1 1 0 2 1 1 0 1 1 1 1 0 2 0 1 1 0 2 1 1 0 1 1 3 0 1 1 1 1 1 1 1 0 1 1 1 1 1 0 1 1 1 1 1 0 1 1 1 0 2 0 1 1 1 0 2 0 1 1 1 0 2 0 1 1 0 2 1 0 1 1 1 0 2 1 0 1 1 1 1 1 0 1 0 1 1 1 1 1 1 0 1 1 1 1 0 1 1 1 1 1 0 1 1 1 1 0 2 0 0 1 0 2 1 0 1 1 1 1 1 0 1 1 1 0 2 1 0 2 2 1 1 1 0 1 1 2 0 0 2 0 2 1 0 1 1 0 2 1 0 1 1 0 2 1 0 1 1 0 2 1 0 1 1 0 2 1 0 1 1 0 2 1 0 1 1 1 1 1 1 0 1 1 1 1 0 1 1 1 1 1 1 0 1 1 1 1 1 0 1 1 1 1 1 0 1 1 1 1 1 
19 1 1 1 1 1 1 1 1 2 0 2 1 1 0 2 1 0 2 1 3 1 0 2 1 1 1 1 1 1 1 2 0 2 1 0 2 1 1 1 0 2 1 1 1 1 1 1 2 1 1 1 0 2 1 1 0 2 1 1 1 1 1 1 1 1 2 1 1 0 2 1 1 0 2 1 1 1 1 1 1 1 1 2 1 1 0 2 1 1 1 1 1 1 2 1 1 1 1 1 1 1 1 2 1 1 2 1 2 1 0 2 1 0 2 1 0 2 1 1 1 1 1 1 1 1 1 1 1 1 2 1 1 1 0 2 1 1 1 1 1 1 1 1 1 1 1 1 1 1 2 0 2 1 0 2 1 1 1 0 2 1 1 1 1 1 1 1 1 1 1 1 1 1 2 0 2 1 1 1 1 1 1 1 1 1 1 2 1 1 1 1 2 2 1 1 1 1 1 2 1 0 1 1 2 1 1 1 0 2 1 1 1 1 1 1 1 2 1 0 2 1 1 0 2 1 1 0 2 1 1 1 1 2 1 1 0 2 1 1 1 1 1 1 1 1 1 1 1 2 1 
20 1 1 2 1 1 1 2 1 1 2 1 2 1 1 1 2 1 1 1 2 1 2 1 2 1 2 1 1 1 2 0 2 1 1 2 1 1 0 2 1 1 1 1 1 1 1 2 1 2 0 2 1 2 1 1 1 2 1 2 1 2 1 1 1 2 1 1 1 2 0 2 1 1 2 1 2 0 2 1 2 1 1 1 2 1 1 1 2 1 1 2 1 1 3 1 2 0 2 1 1 2 1 1 2 1 1 2 0 2 1 2 0 2 1 1 2 1 2 1 0 2 1 0 2 1 1 2 1 1 2 1 1 2 1 1 1 2 1 1 2 1 1 2 1 1 2 1 2 1 1 1 2 1 1 2 0 2 1 2 1 1 1 2 1 2 3 1 2 2 2 1 2 2 3 1 2 2 1 3 1 2 2 2 1 2 2 2 1 2 1 1 2 1 1 1 2 1 1 2 1 1 1 2 1 1 2 1 1 1 2 1 1 2 0 2 1 1 2 1 1 1 1 2 1 1 1 2 1 1 2 1 1 1 2 1 1 1 2 1 1 1 2 1 1 2 1 1 2 1 2 
21 2 2 0 2 1 2 1 1 2 1 1 2 1 1 2 1 1 1 2 1 2 1 1 1 2 1 2 0 2 2 0 2 2 1 1 1 2 1 2 1 1 2 1 1 1 2 1 2 1 1 2 1 1 2 1 1 1 2 1 2 1 2 1 1 2 1 1 1 2 3 1 1 2 1 1 2 1 1 1 1 2 1 1 2 1 2 1 1 1 1 2 1 2 1 1 1 2 1 2 1 1 1 2 1 1 2 0 3 0 3 1 1 2 1 1 2 1 1 1 1 2 1 2 1 1 1 1 2 1 2 1 1 2 0 2 2 0 2 1 3 1 2 1 1 1 1 2 1 1 2 1 1 1 2 1 1 2 1 1 2 1 1 2 1 1 2 1 1 1 2 1 1 2 1 1 2 0 3 1 1 2 1 1 1 2 1 1 2 1 1 2 1 1 2 1 1 2 0 2 2 1 2 1 2 1 2 2 1 1 1 2 2 1 2 1 1 2 1 1 1 2 1 1 2 1 1 1 2 1 1 1 2 1 1 2 1 1 0 2 1 2 1 1 1 1 2 2 1 1 2 
22 1 2 2 1 2 1 2 1 2 2 1 2 1 2 1 2 2 1 2 1 2 1 2 1 2 2 2 2 1 2 1 2 1 1 2 3 1 1 1 2 2 2 1 2 1 2 1 2 1 2 2 1 1 2 1 3 1 2 1 2 2 1 2 1 1 3 1 2 1 2 2 1 2 1 2 1 2 1 2 2 1 1 2 2 2 2 1 2 2 1 2 1 2 1 1 3 1 2 1 2 1 2 2 1 1 2 1 2 2 1 2 2 1 2 1 2 1 2 2 1 2 1 2 1 2 2 1 1 2 2 2 1 2 1 1 2 2 2 1 2 1 2 2 2 1 2 2 1 2 1 1 3 1 1 3 1 2 1 2 1 2 2 1 2 1 2 1 1 2 2 1 2 2 1 2 1 2 2 1 2 1 2 1 2 1 2 2 1 2 1 2 1 2 2 2 1 2 2 1 2 1 2 2 2 2 1 2 2 1 1 2 2 1 2 1 1 3 1 1 2 2 1 2 2 1 2 2 1 2 1 1 2 2 1 2 2 1 2 1 1 2 2 1 2 2 1 2 1 2 1 
23 2 3 1 3 2 2 1 2 2 3 2 2 2 2 2 2 1 3 2 2 2 2 2 2 2 2 2 2 2 2 1 3 1 3 1 2 2 2 2 2 1 3 2 2 2 1 2 2 2 3 2 1 3 1 2 2 2 2 2 2 3 2 2 2 1 3 2 2 2 2 2 2 1 2 2 2 2 2 2 2 1 3 2 2 2 3 1 2 2 2 2 2 2 2 2 2 1 3 1 3 2 2 1 2 2 3 2 2 1 3 3 2 2 1 3 1 2 2 2 2 2 2 2 2 2 2 1 3 2 2 1 3 2 1 3 2 2 2 1 2 2 2 2 2 2 2 2 2 1 3 2 1 3 1 3 2 1 3 2 3 2 2 2 1 2 2 2 2 2 2 2 2 2 2 2 2 2 2 2 2 2 2 2 2 2 2 1 3 2 1 2 2 2 2 2 2 2 1 3 2 2 2 2 2 1 2 2 3 1 4 1 3 1 2 2 2 2 2 2 1 3 2 2 1 3 1 2 2 2 2 2 2 2 2 2 2 2 2 2 2 2 2 2 2 2 2 2 2 2 2 
24 2 2 3 2 3 2 2 3 2 3 1 3 2 2 3 2 2 2 3 1 3 2 3 2 2 3 3 2 2 2 2 3 2 2 2 3 1 3 2 3 2 2 2 3 2 2 3 2 2 3 3 2 2 2 3 2 3 2 2 2 2 3 2 2 2 2 3 2 2 2 3 1 4 2 2 2 3 2 2 2 2 3 1 3 2 3 1 3 2 2 3 2 4 1 3 2 2 3 2 2 2 2 3 2 2 2 3 2 2 2 3 1 3 3 2 2 2 3 2 2 2 3 2 2 2 3 2 2 3 2 2 2 2 3 3 2 3 2 2 2 2 3 2 2 2 2 3 2 2 2 2 3 2 2 2 3 2 2 2 2 3 2 2 2 3 1 3 2 3 1 3 3 1 3 2 3 2 3 2 3 2 2 2 3 2 3 2 2 2 2 3 2 2 2 3 2 2 2 2 2 3 2 2 3 2 2 3 1 3 2 2 3 2 2 2 2 3 2 2 3 2 3 2 3 2 2 3 2 2 2 2 3 2 1 3 2 3 2 2 3 2 2 3 1 3 3 2 2 2 3 
25 2 2 3 2 2 2 3 2 2 3 3 3 2 3 2 2 3 2 2 3 2 3 2 2 3 2 2 3 1 3 3 2 2 2 3 2 2 3 2 3 2 3 3 2 2 3 3 2 3 3 2 2 3 2 2 3 2 2 2 3 3 2 2 3 2 2 2 3 2 3 2 2 3 2 2 3 2 2 3 2 3 2 4 2 3 2 2 3 3 2 2 3 1 3 3 2 2 2 3 3 2 2 3 2 2 3 1 3 3 2 3 2 2 3 2 2 2 3 3 3 2 3 2 3 1 3 3 1 3 3 2 2 3 2 2 3 2 3 2 2 3 2 2 3 2 3 2 2 3 2 2 3 2 2 3 2 2 3 1 3 3 2 2 3 2 2 2 3 2 3 2 2 3 2 3 2 2 2 3 2 3 2 2 2 4 2 2 3 2 3 2 3 3 2 2 2 3 3 2 2 3 2 2 3 2 3 2 2 3 2 2 3 1 3 3 1 3 3 2 2 3 2 2 3 3 2 2 3 3 2 2 3 2 2 3 2 2 2 3 2 3 2 2 3 3 2 2 3 2 3 
26 3 3 2 3 3 3 2 3 3 3 2 4 3 2 3 3 3 3 2 3 3 3 2 3 2 4 2 2 3 3 3 3 2 3 3 3 2 4 3 3 2 3 4 2 3 3 2 3 3 3 3 3 2 3 2 3 3 2 3 3 3 3 3 2 3 3 3 3 3 2 3 2 4 2 4 2 3 3 2 3 3 2 3 3 3 2 4 2 3 3 3 3 3 2 3 3 3 2 3 3 2 3 3 3 2 3 3 4 2 3 2 4 2 3 3 3 2 3 3 2 3 3 3 2 3 3 3 3 2 3 2 3 3 3 2 4 3 3 3 3 3 2 3 3 3 3 2 3 3 2 3 3 2 3 3 2 4 3 2 3 3 3 2 3 3 2 3 4 3 2 3 3 2 3 3 2 3 3 3 3 3 3 2 3 3 3 3 2 3 3 3 2 3 3 3 2 3 3 3 3 2 4 3 2 3 3 2 3 3 3 2 3 3 3 3 2 3 3 2 3 3 2 3 3 3 3 2 3 3 3 3 3 3 2 3 2 4 2 4 2 3 3 3 2 3 3 2 4 2 3 
27 3 4 3 3 3 4 3 3 3 4 4 4 3 3 3 4 3 4 3 3 3 3 4 3 3 4 3 4 3 3 3 4 3 4 3 3 4 4 3 3 3 4 3 4 3 3 4 3 3 3 4 3 3 3 4 3 3 4 3 3 3 4 3 5 3 3 4 3 3 4 2 4 3 3 3 4 3 4 2 4 3 4 4 3 4 3 3 3 4 3 3 4 3 4 2 4 4 3 3 3 4 3 4 3 3 3 4 3 3 3 4 2 4 4 3 3 3 4 4 3 4 3 3 3 4 3 3 3 4 2 4 3 4 3 3 3 4 3 3 4 3 3 4 3 4 3 4 3 4 3 3 3 3 3 4 3 4 3 3 3 3 4 3 4 3 3 4 3 3 3 4 4 4 3 3 3 4 3 3 4 3 3 4 3 3 3 4 2 4 3 3 4 3 4 3 3 3 4 4 3 3 4 3 4 3 3 3 4 3 3 4 3 3 3 3 4 3 3 4 3 3 3 4 3 3 4 4 3 3 3 4 3 3 3 4 3 3 4 3 4 3 3 3 4 3 3 3 4 3 3 
28 4 4 5 3 4 4 4 3 4 4 4 4 4 3 4 3 5 4 3 4 4 4 4 4 3 5 4 4 4 3 4 4 4 4 3 4 4 4 4 3 4 4 4 4 3 4 4 4 3 5 4 4 3 4 4 4 4 4 4 3 4 3 3 5 3 4 4 4 4 3 4 4 4 4 4 4 4 4 3 4 4 4 3 4 4 4 4 4 3 4 4 4 3 5 3 5 4 4 3 5 3 4 3 5 4 3 4 4 3 4 4 4 4 4 3 4 4 4 3 5 4 4 4 3 5 4 4 3 5 3 4 3 4 4 4 4 4 4 4 4 4 3 5 5 3 4 4 3 5 3 4 3 5 4 3 4 3 5 3 4 4 4 4 3 4 4 5 4 4 3 4 4 4 3 4 4 4 3 4 3 4 4 4 3 4 4 3 5 3 5 4 3 4 4 3 5 4 3 4 4 4 4 4 4 3 4 4 4 3 4 4 4 3 6 4 4 3 4 4 4 3 4 4 4 4 3 4 4 4 3 5 4 3 4 4 4 4 5 3 4 4 4 4 3 4 3 4 4 4 4 
29 4 3 5 3 5 3 4 4 5 4 4 4 4 4 4 3 4 4 4 3 5 3 4 4 3 5 4 3 4 5 3 4 4 4 3 5 3 4 4 4 4 4 4 3 5 3 4 4 4 4 5 4 4 3 4 4 4 4 4 3 4 4 4 4 4 3 4 4 4 4 5 4 4 4 4 4 4 3 4 4 3 5 4 4 3 4 4 4 4 4 4 5 4 4 4 4 3 4 4 4 3 5 4 4 3 4 4 4 3 5 3 6 4 4 3 4 4 4 3 5 4 3 5 3 4 4 4 3 5 3 4 5 4 3 5 4 3 4 4 4 4 3 4 4 4 3 5 3 4 4 5 3 5 4 4 4 4 4 4 3 4 4 4 4 3 4 4 4 4 3 5 4 5 4 3 5 3 4 4 4 4 3 5 4 4 3 4 4 4 4 4 3 4 5 4 4 4 4 4 4 4 3 4 4 4 4 4 4 4 3 4 4 4 4 5 4 3 5 4 3 4 4 3 5 3 4 3 4 5 3 4 4 4 4 5 4 3 4 4 4 4 3 4 4 3 4 4 5 3 4 
30 4 5 5 4 6 4 5 4 5 4 4 5 4 4 5 4 5 4 5 4 4 5 5 4 5 4 5 4 4 5 4 5 4 4 4 5 4 4 5 4 6 4 5 4 5 4 4 5 4 4 5 4 4 5 4 4 5 5 6 4 5 4 4 5 4 4 5 4 5 4 4 5 3 6 4 5 6 4 4 4 5 5 4 5 4 4 5 4 5 4 4 5 4 4 6 4 5 4 4 5 5 5 4 4 5 4 5 4 4 5 4 5 5 5 4 4 5 4 4 5 5 4 5 4 4 5 4 5 4 4 6 4 5 4 5 4 5 4 4 4 5 5 4 4 4 5 4 4 5 5 5 4 4 5 4 5 4 4 5 4 5 4 5 4 4 6 5 4 5 4 4 4 5 5 4 4 5 4 3 5 4 5 5 4 5 4 4 5 4 4 4 5 4 4 5 5 4 4 4 5 4 6 5 3 5 4 6 4 4 5 4 4 5 4 4 5 4 4 5 5 5 4 4 5 4 4 5 4 4 5 4 5 4 5 4 5 4 5 5 4 4 5 4 5 4 5 4 5 4 4 
31 5 5 5 5 5 6 5 5 6 5 5 5 5 6 5 4 6 5 5 6 5 7 5 5 6 5 5 5 5 5 5 6 5 5 6 4 6 6 5 6 4 6 5 5 6 5 5 5 5 5 6 5 6 5 6 5 5 6 4 6 5 5 5 6 5 5 5 5 7 5 5 6 5 6 5 5 5 6 5 5 5 5 6 5 6 5 5 5 6 5 4 6 5 5 5 6 5 5 5 6 6 5 5 5 5 5 5 5 6 4 6 5 5 5 6 5 5 6 5 5 5 5 6 5 5 5 5 6 5 5 5 6 5 5 6 5 4 5 6 5 6 4 6 5 5 6 5 6 5 6 5 4 6 5 5 5 6 5 5 5 5 5 5 7 5 5 6 5 5 5 6 5 5 5 5 5 5 5 6 5 5 6 5 5 6 5 6 5 5 5 5 5 6 5 5 6 5 5 5 6 5 5 5 5 6 5 5 5 6 5 5 6 5 5 6 4 5 6 5 5 5 5 5 6 5 6 5 6 5 5 5 6 5 5 5 6 4 6 5 6 4 6 6 5 5 5 5 6 5 5 
32 5 7 6 6 5 7 5 7 6 6 5 6 6 5 7 6 5 6 6 6 6 6 6 6 6 6 6 6 6 5 6 6 6 6 5 6 7 5 6 6 5 7 6 6 5 6 5 6 6 7 6 6 6 6 6 5 6 6 6 5 6 6 6 6 6 6 6 6 5 6 6 5 6 6 6 6 6 7 6 5 6 6 6 6 6 6 5 6 6 6 6 7 5 7 5 6 6 5 7 6 5 6 6 6 5 7 6 5 7 5 6 6 6 6 6 6 6 6 5 7 6 6 6 5 6 6 5 7 5 6 6 5 7 7 5 7 5 6 6 5 6 7 5 6 6 5 7 6 6 5 7 6 6 6 5 6 6 6 6 5 6 7 5 7 5 6 6 6 6 6 5 6 6 7 5 7 6 6 5 7 5 6 6 6 5 6 6 6 6 6 6 6 6 6 6 6 5 6 6 5 7 5 6 7 6 5 6 6 6 6 6 6 6 5 6 5 7 6 6 6 6 6 6 6 6 5 6 6 6 5 7 7 5 5 6 6 5 7 6 5 6 6 6 6 5 7 6 6 5 6 
33 6 6 7 6 5 7 5 7 6 6 6 6 6 6 6 6 6 6 6 6 6 6 7 6 6 5 6 7 6 5 7 6 6 7 6 6 6 6 5 7 6 6 5 6 6 6 7 6 6 6 6 6 6 6 6 6 6 6 7 5 7 5 7 6 6 6 6 5 6 6 6 7 6 7 5 7 5 7 6 5 6 6 7 6 6 6 6 6 6 5 7 6 6 6 6 7 6 6 5 6 5 6 6 6 6 6 6 6 7 6 6 6 6 6 6 6 6 6 6 5 8 6 6 5 5 6 6 6 6 6 7 6 6 6 6 6 6 6 6 6 6 6 6 6 5 8 6 6 6 6 6 6 6 6 6 6 6 5 8 6 5 7 5 7 6 6 6 6 6 6 7 6 6 5 7 6 6 6 5 6 6 6 6 8 5 6 7 6 6 6 6 5 7 6 6 7 6 6 6 6 6 6 6 5 7 6 6 7 7 6 6 5 6 6 6 6 6 6 6 6 7 6 6 6 6 6 6 6 6 6 6 5 7 6 6 6 6 6 6 6 6 5 7 6 6 7 6 6 6 6 
34 7 7 6 6 7 7 7 8 6 7 6 6 7 7 7 7 6 8 7 6 7 6 7 7 7 6 7 6 8 7 6 7 7 7 6 7 7 6 7 6 8 6 7 7 6 6 8 7 6 7 6 8 6 7 6 7 6 8 6 7 7 6 8 6 6 8 6 7 6 6 8 6 7 8 7 6 7 6 7 7 7 6 7 6 8 6 7 6 7 6 8 6 6 7 7 8 7 6 7 6 7 7 6 7 6 8 7 7 7 6 7 6 7 7 6 6 7 7 8 7 6 7 6 7 7 6 7 7 7 7 6 7 6 7 6 8 6 7 6 7 8 6 7 7 6 7 6 7 7 7 7 7 7 6 7 6 7 6 7 7 6 7 8 6 7 7 7 6 6 7 7 6 7 8 7 6 7 7 6 7 6 7 6 7 8 7 6 7 6 7 7 6 7 7 6 8 7 7 6 7 6 7 6 8 6 7 7 7 6 7 6 7 7 6 7 7 6 8 7 6 7 7 7 6 7 6 7 7 7 7 7 7 6 6 7 7 6 7 6 8 7 6 7 6 8 6 7 7 6 7 
35 8 8 8 7 7 8 6 8 8 7 8 8 7 8 8 6 8 7 8 7 9 7 7 8 7 7 8 7 7 8 9 6 8 7 8 7 7 8 6 8 7 8 7 8 7 7 8 8 7 7 8 8 7 7 8 7 7 7 8 7 8 8 7 8 8 7 7 7 8 8 8 7 7 8 7 8 7 8 7 8 8 7 8 7 7 8 7 7 8 8 8 7 8 7 7 8 7 7 8 8 7 8 7 7 7 8 7 8 7 8 8 8 7 7 8 8 6 8 8 8 8 6 8 7 8 7 8 7 7 9 7 8 6 8 7 8 8 7 7 8 8 8 7 7 8 7 7 8 7 9 7 7 7 8 7 7 8 7 8 8 8 7 7 8 7 7 8 7 8 8 7 8 7 8 7 8 7 7 8 9 7 7 8 7 7 8 7 7 8 8 8 6 8 8 7 8 7 7 8 8 8 6 8 8 7 7 8 6 9 8 7 8 8 7 7 7 8 7 9 7 7 7 8 8 7 8 8 7 8 8 7 8 7 7 8 6 8 8 8 7 7 8 8 7 7 7 8 8 9 7 
36 8 8 9 8 8 9 8 9 9 8 8 9 8 9 8 9 9 8 8 9 8 8 8 9 8 9 8 8 8 9 7 9 8 9 9 8 8 7 8 8 9 8 9 7 9 8 8 8 8 8 8 9 8 8 9 8 8 8 8 7 10 8 8 8 8 8 8 8 8 10 8 8 8 8 8 7 9 7 10 8 8 9 8 8 8 8 8 9 8 8 8 8 8 8 8 8 9 9 8 8 8 7 9 7 9 8 8 9 8 8 8 8 8 9 9 8 8 8 8 8 7 9 9 8 8 8 8 8 9 7 9 9 8 8 8 8 8 8 8 8 10 8 8 8 8 8 8 8 9 9 8 8 8 9 8 9 8 8 9 8 8 8 8 9 8 8 8 9 8 8 8 8 8 8 9 8 9 8 8 8 8 8 8 8 8 9 8 8 8 8 8 8 8 9 9 8 8 8 8 8 8 7 10 9 8 7 9 8 8 8 9 9 8 8 8 8 7 8 9 8 9 8 8 8 8 8 9 8 8 9 8 8 8 7 9 8 7 9 9 9 7 9 8 8 8 8 8 10 8 8 
37 9 9 9 9 9 10 8 9 9 9 9 9 9 10 10 9 9 9 9 9 9 9 9 9 9 8 9 10 8 12 8 9 9 9 9 9 9 10 9 8 9 9 9 9 9 10 9 9 9 9 10 9 9 10 9 8 10 9 8 9 9 11 9 8 9 9 9 9 9 9 9 9 10 9 9 9 10 9 9 9 9 9 9 9 9 10 9 9 9 9 9 8 9 10 9 9 9 9 9 8 10 9 9 9 9 9 9 9 9 10 9 9 9 9 9 8 9 11 8 9 9 9 9 9 8 11 9 9 8 10 8 9 9 10 9 9 9 9 9 9 9 9 9 9 8 9 10 8 8 10 9 9 9 9 9 9 9 11 8 9 9 9 9 9 9 11 9 9 9 9 9 8 9 10 9 9 9 9 9 8 9 10 9 9 9 9 8 10 9 10 8 9 10 8 9 9 10 10 8 9 9 9 9 8 10 9 9 9 8 9 9 9 10 9 9 9 9 9 8 9 10 9 9 8 9 10 8 10 10 8 10 8 8 9 9 9 10 9 10 8 8 9 9 9 10 10 9 8 10 9 
38 10 10 11 10 9 11 10 10 10 11 9 11 10 9 11 10 11 10 11 10 9 10 10 10 12 10 10 10 10 11 10 11 10 9 11 10 10 10 12 10 9 10 10 10 10 11 11 9 10 10 11 9 11 11 10 10 9 11 10 10 11 10 10 10 10 9 10 12 10 10 10 10 9 11 11 10 10 10 10 10 10 11 11 10 9 10 10 10 11 9 11 10 10 10 10 10 11 10 10 10 10 10 10 11 10 11 10 10 10 10 11 10 9 11 9 10 10 12 9 11 10 10 11 9 11 10 10 10 11 9 10 10 11 10 10 10 10 10 10 11 10 9 11 9 11 10 11 10 10 10 10 10 10 11 10 10 9 11 10 10 11 10 9 11 10 9 10 10 11 11 10 10 9 10 10 12 10 10 9 11 10 10 10 11 10 10 10 9 9 11 10 10 11 10 10 10 11 9 11 10 10 10 9 11 11 10 10 10 10 10 10 11 10 9 11 9 11 10 10 11 10 10 10 9 10 11 10 10 9 11 10 10 11 10 10 9 10 11 10 10 11 10 10 10 10 9 11 10 10 10 
39 12 12 11 11 13 11 12 10 12 12 12 12 11 12 10 12 12 13 11 11 13 11 11 13 11 11 12 12 12 11 12 12 11 11 12 11 14 11 12 11 11 12 11 13 12 11 11 12 12 12 12 11 12 11 12 11 13 11 11 12 11 11 14 12 11 11 12 11 11 13 11 12 11 11 12 13 11 12 11 11 12 11 13 11 13 11 11 12 12 12 11 11 12 11 12 12 12 11 12 11 12 12 12 11 12 11 12 11 13 12 11 12 10 12 13 11 12 11 12 11 12 12 11 11 11 11 12 13 12 12 12 11 11 12 13 11 12 11 12 12 13 12 11 11 12 11 11 13 12 11 12 11 11 13 11 11 12 11 12 11 13 11 12 11 12 11 13 12 11 12 11 11 13 12 11 12 11 12 11 12 12 11 11 11 12 12 13 11 11 12 11 11 12 13 11 11 12 11 12 12 11 12 12 11 12 12 12 11 11 12 11 12 13 11 12 11 12 11 12 12 12 12 10 12 12 12 11 12 11 12 11 13 12 11 11 12 11 12 13 12 10 12 11 12 13 11 12 11 11 11 
40 14 12 14 13 12 13 12 14 13 13 12 13 14 13 12 13 12 14 14 13 12 12 13 13 13 14 13 12 13 12 14 13 13 13 12 13 14 12 13 12 13 13 13 13 13 12 13 12 14 13 13 12 13 12 13 13 13 13 12 13 13 13 13 12 13 12 15 12 12 13 12 14 14 12 13 12 13 14 13 12 13 13 13 14 12 12 13 13 13 14 13 12 13 13 12 13 13 13 12 13 12 14 12 13 13 13 12 14 13 13 12 13 13 13 13 12 12 13 13 14 13 13 12 13 13 14 13 12 12 14 14 13 12 12 13 13 14 13 12 13 12 13 13 13 13 12 13 13 14 13 13 12 13 12 16 15 13 12 13 13 13 12 13 13 12 14 13 13 12 13 13 12 14 12 14 13 12 13 14 13 12 12 13 14 13 13 12 13 12 13 14 12 13 13 12 14 12 13 13 13 12 14 14 12 13 12 13 13 13 12 12 14 12 14 13 13 12 13 13 13 13 13 13 12 12 14 13 12 13 12 12 14 13 12 14 12 13 13 13 12 13 13 13 14 12 13 12 13 14 12 
